array([0.01 , 0.   , 0.   , 0.114, 0.126, 0.126, 0.127, 0.126, 0.126,
       0.126, 0.126, 0.127, 0.126, 0.126, 0.126, 0.127, 0.126, 0.126,
       0.126, 0.126, 0.127, 0.126, 0.126, 0.127, 0.126, 0.126, 0.126,
       0.126, 0.127, 0.126, 0.126, 0.126, 0.127, 0.126, 0.126, 0.126,
       0.126, 0.126, 0.127, 0.126, 0.126, 0.126, 0.127, 0.126, 0.126,
       0.126, 0.127, 0.126, 0.126, 0.126, 0.127, 0.126, 0.126, 0.126,
       0.126, 0.127, 0.126, 0.126, 0.126, 0.126, 0.127, 0.126, 0.126,
       0.127, 0.126, 0.126, 0.126, 0.126, 0.127, 0.126, 0.126, 0.126,
       0.126, 0.127, 0.126, 0.126, 0.126, 0.127, 0.126, 0.125, 0.127,
       0.126, 0.127, 0.126, 0.126, 0.126, 0.127, 0.126, 0.126, 0.126,
       0.126, 0.127, 0.126, 0.126, 0.126, 0.127, 0.126, 0.126, 0.126,
       0.127, 0.126, 0.126, 0.126, 0.126, 0.127, 0.126, 0.126, 0.126,
       0.127, 0.126, 0.126, 0.126, 0.126, 0.127, 0.126, 0.126, 0.126,
       0.126, 0.127, 0.126, 0.126, 0.126, 0.127, 0.126, 0.126, 0.126,
       0.126, 0.127, 0.126, 0.126, 0.126, 0.127, 0.126, 0.126, 0.127,
       0.126, 0.126, 0.126, 0.126, 0.127, 0.126, 0.126, 0.126, 0.126,
       0.127, 0.126, 0.126, 0.126, 0.126, 0.127, 0.126, 0.126, 0.126,
       0.127, 0.126, 0.126, 0.126, 0.127, 0.126, 0.126, 0.126, 0.126,
       0.127, 0.126, 0.126, 0.126, 0.126, 0.127, 0.126, 0.126, 0.126,
       0.127, 0.126, 0.126, 0.126, 0.126, 0.127, 0.126, 0.126, 0.127,
       0.126, 0.126, 0.126, 0.126, 0.127, 0.126, 0.126, 0.126, 0.127,
       0.126, 0.126, 0.126, 0.127, 0.126, 0.126, 0.126, 0.126, 0.126,
       0.127, 0.126, 0.126, 0.127, 0.126, 0.126, 0.126, 0.126, 0.127,
       0.126, 0.126, 0.126, 0.126, 0.127, 0.126, 0.126, 0.126, 0.126,
       0.127, 0.126, 0.126, 0.127, 0.126, 0.126, 0.126, 0.126, 0.127,
       0.126, 0.126, 0.126, 0.127, 0.126, 0.126, 0.126, 0.126, 0.126,
       0.127, 0.126, 0.126, 0.126, 0.127, 0.126, 0.126, 0.126, 0.127,
       0.126, 0.126, 0.126, 0.127, 0.126, 0.126, 0.126, 0.127, 0.126,
       0.126, 0.126, 0.126, 0.127, 0.126, 0.126, 0.126, 0.127, 0.126,
       0.126, 0.126, 0.126, 0.127, 0.126, 0.126, 0.126, 0.127, 0.126,
       0.126, 0.126, 0.126, 0.127, 0.126, 0.126, 0.126, 0.127, 0.126])