[0.0,
 0.01,
 0.01,
 0.01,
 0.124,
 0.25,
 0.376,
 0.503,
 0.629,
 0.755,
 0.881,
 1.007,
 1.134,
 1.26,
 1.386,
 1.512,
 1.639,
 1.765,
 1.891,
 2.017,
 2.143,
 2.27,
 2.396,
 2.522,
 2.649,
 2.775,
 2.901,
 3.027,
 3.153,
 3.28,
 3.406,
 3.532,
 3.658,
 3.785,
 3.911,
 4.037,
 4.163,
 4.289,
 4.415,
 4.542,
 4.668,
 4.794,
 4.92,
 5.047,
 5.173,
 5.299,
 5.425,
 5.552,
 5.678,
 5.804,
 5.93,
 6.057,
 6.183,
 6.309,
 6.435,
 6.561,
 6.688,
 6.814,
 6.94,
 7.066,
 7.192,
 7.319,
 7.445,
 7.571,
 7.698,
 7.824,
 7.95,
 8.076,
 8.202,
 8.329,
 8.455,
 8.581,
 8.707,
 8.833,
 8.96,
 9.086,
 9.212,
 9.338,
 9.465,
 9.591,
 9.716,
 9.843,
 9.969,
 10.096,
 10.222,
 10.348,
 10.474,
 10.601,
 10.727,
 10.853,
 10.979,
 11.105,
 11.232,
 11.358,
 11.484,
 11.61,
 11.737,
 11.863,
 11.989,
 12.115,
 12.242,
 12.368,
 12.494,
 12.62,
 12.746,
 12.873,
 12.999,
 13.125,
 13.251,
 13.378,
 13.504,
 13.63,
 13.756,
 13.882,
 14.009,
 14.135,
 14.261,
 14.387,
 14.513,
 14.64,
 14.766,
 14.892,
 15.018,
 15.145,
 15.271,
 15.397,
 15.523,
 15.649,
 15.776,
 15.902,
 16.028,
 16.154,
 16.281,
 16.407,
 16.533,
 16.66,
 16.786,
 16.912,
 17.038,
 17.164,
 17.291,
 17.417,
 17.543,
 17.669,
 17.795,
 17.922,
 18.048,
 18.174,
 18.3,
 18.426,
 18.553,
 18.679,
 18.805,
 18.931,
 19.058,
 19.184,
 19.31,
 19.436,
 19.563,
 19.689,
 19.815,
 19.941,
 20.067,
 20.194,
 20.32,
 20.446,
 20.572,
 20.698,
 20.825,
 20.951,
 21.077,
 21.203,
 21.33,
 21.456,
 21.582,
 21.708,
 21.834,
 21.961,
 22.087,
 22.213,
 22.34,
 22.466,
 22.592,
 22.718,
 22.844,
 22.971,
 23.097,
 23.223,
 23.349,
 23.476,
 23.602,
 23.728,
 23.854,
 23.981,
 24.107,
 24.233,
 24.359,
 24.485,
 24.611,
 24.738,
 24.864,
 24.99,
 25.117,
 25.243,
 25.369,
 25.495,
 25.621,
 25.748,
 25.874,
 26.0,
 26.126,
 26.252,
 26.379,
 26.505,
 26.631,
 26.757,
 26.883,
 27.01,
 27.136,
 27.262,
 27.389,
 27.515,
 27.641,
 27.767,
 27.893,
 28.02,
 28.146,
 28.272,
 28.398,
 28.525,
 28.651,
 28.777,
 28.903,
 29.029,
 29.155,
 29.282,
 29.408,
 29.534,
 29.66,
 29.787,
 29.913,
 30.039,
 30.165,
 30.292,
 30.418,
 30.544,
 30.67,
 30.797,
 30.923,
 31.049,
 31.175,
 31.302,
 31.428,
 31.554,
 31.68,
 31.806,
 31.933,
 32.059,
 32.185,
 32.311,
 32.438,
 32.564,
 32.69,
 32.816,
 32.942,
 33.069,
 33.195,
 33.321,
 33.447,
 33.574,
 33.7,
 33.826,
 33.952,
 34.078,
 34.205,
 34.331,
 34.457,
 34.583,
 34.71,
 34.836]